{"nbformat":4,"nbformat_minor":0,"metadata":{"colab":{"provenance":[],"toc_visible":true,"authorship_tag":"ABX9TyOJtcj24QdlnxKeEuhvQK9K"},"kernelspec":{"name":"python3","display_name":"Python 3"},"language_info":{"name":"python"}},"cells":[{"cell_type":"markdown","source":["# Softmax in code"],"metadata":{"id":"B4ocffkYkHgX"}},{"cell_type":"code","source":["import numpy as np"],"metadata":{"id":"MQm4fWI-kMMi","executionInfo":{"status":"ok","timestamp":1746719036779,"user_tz":-120,"elapsed":22,"user":{"displayName":"Veronica Lockett","userId":"12863156304290554546"}}},"execution_count":1,"outputs":[]},{"cell_type":"code","source":["a = np.random.randn(5)\n","a"],"metadata":{"colab":{"base_uri":"https://localhost:8080/"},"id":"CWOqB8qzkSx_","executionInfo":{"status":"ok","timestamp":1746719066760,"user_tz":-120,"elapsed":16,"user":{"displayName":"Veronica Lockett","userId":"12863156304290554546"}},"outputId":"bed7dc17-6c3d-414d-f8c3-2326e071d4c5"},"execution_count":2,"outputs":[{"output_type":"execute_result","data":{"text/plain":["array([ 0.29585007, -1.04363255, -0.9339663 ,  1.52139824, -1.24383858])"]},"metadata":{},"execution_count":2}]},{"cell_type":"code","source":["expa = np.exp(a)\n","expa"],"metadata":{"colab":{"base_uri":"https://localhost:8080/"},"id":"T2aeG1ljkcnF","executionInfo":{"status":"ok","timestamp":1746719084445,"user_tz":-120,"elapsed":6,"user":{"displayName":"Veronica Lockett","userId":"12863156304290554546"}},"outputId":"8744bc46-d891-41e2-f1a1-4618f81f5cc2"},"execution_count":4,"outputs":[{"output_type":"execute_result","data":{"text/plain":["array([1.3442686 , 0.35217307, 0.39299189, 4.57862273, 0.28827552])"]},"metadata":{},"execution_count":4}]},{"cell_type":"code","source":["answer = expa/np.sum(expa)\n","answer"],"metadata":{"colab":{"base_uri":"https://localhost:8080/"},"id":"RFKBa220kfX8","executionInfo":{"status":"ok","timestamp":1746719106371,"user_tz":-120,"elapsed":63,"user":{"displayName":"Veronica Lockett","userId":"12863156304290554546"}},"outputId":"5c943727-7cc3-4521-f932-c14372581fbd"},"execution_count":5,"outputs":[{"output_type":"execute_result","data":{"text/plain":["array([0.19324389, 0.05062626, 0.05649413, 0.65819499, 0.04144074])"]},"metadata":{},"execution_count":5}]},{"cell_type":"code","source":["total_prob = np.sum(answer)\n","total_prob"],"metadata":{"colab":{"base_uri":"https://localhost:8080/"},"id":"rREc3-yrkmRc","executionInfo":{"status":"ok","timestamp":1746719128137,"user_tz":-120,"elapsed":15,"user":{"displayName":"Veronica Lockett","userId":"12863156304290554546"}},"outputId":"749cff75-56c6-40d7-8359-b45a0914ea13"},"execution_count":6,"outputs":[{"output_type":"execute_result","data":{"text/plain":["np.float64(1.0)"]},"metadata":{},"execution_count":6}]},{"cell_type":"code","source":["A = np.random.randn(100, 5)  # 100 samples, 5 classes\n","A"],"metadata":{"colab":{"base_uri":"https://localhost:8080/"},"id":"CqAj3Nr8krmU","executionInfo":{"status":"ok","timestamp":1746719156094,"user_tz":-120,"elapsed":33,"user":{"displayName":"Veronica Lockett","userId":"12863156304290554546"}},"outputId":"450c4177-03b9-4709-dec5-9a15715be563"},"execution_count":8,"outputs":[{"output_type":"execute_result","data":{"text/plain":["array([[-0.3420221 , -0.4603584 , -1.2118828 , -0.02890886, -0.51700993],\n","       [-1.28488396,  0.85167394, -0.29292845,  0.23480464, -0.80558924],\n","       [ 1.19085892, -1.24352793,  0.7011778 ,  1.47364275,  0.77910991],\n","       [ 0.87800808, -0.10781557, -1.24453863,  0.70650251,  0.3369054 ],\n","       [-0.12227723,  1.10118869, -1.42300591,  0.13120969,  1.3218239 ],\n","       [ 0.85924292,  2.05254402,  0.40637086, -0.88103014, -0.21364882],\n","       [ 0.14316769, -1.78384699,  0.29329903, -1.09443216,  0.98010368],\n","       [ 1.65079754, -1.76163486, -0.98809036,  0.38995898, -0.27368818],\n","       [ 1.65331515,  0.64046543, -1.09263692, -0.38035598, -1.82407927],\n","       [-0.81210074, -0.45646509,  0.42055638,  2.22466443, -0.20861659],\n","       [-0.85869325,  0.12180195,  0.15130267,  1.8065    ,  0.85783008],\n","       [ 0.35692553, -0.22451647, -1.0872888 , -1.29454089, -1.83320179],\n","       [-0.57231806,  0.0985425 , -0.31103694, -0.39858658, -0.8681015 ],\n","       [-0.28972658,  0.23406978, -0.8140751 , -0.43487951, -0.83924965],\n","       [-1.37717778,  0.72758266,  0.4130511 ,  0.58320258,  0.55866873],\n","       [-0.43274131,  0.1676554 , -0.34873454, -1.56572267, -0.76747636],\n","       [ 0.50604288,  0.58923073, -0.84366902,  0.43624804, -0.39012649],\n","       [-0.80210879, -0.94269864,  0.51315987, -0.53913654,  0.59328734],\n","       [ 0.29640415, -0.87923573,  0.6292134 , -1.02660837,  0.7223019 ],\n","       [-2.5536592 , -0.84196919,  1.70562959,  0.93127193, -0.81233033],\n","       [-0.50033305, -0.38631686, -0.41886335,  0.58726245, -1.28415242],\n","       [-0.82539936,  1.22851224, -0.75165401, -0.04073723, -1.3222271 ],\n","       [ 1.35653855,  0.98307622, -2.24835947,  0.75872361,  0.55837831],\n","       [ 0.76324248, -0.16231438, -1.07457088,  0.69899062,  1.55378423],\n","       [-0.53577961,  1.66891876,  1.75877074, -0.54349026,  0.55632415],\n","       [-1.78740764,  0.27900046,  1.93597265, -0.89028441, -1.51974822],\n","       [ 1.52548581,  0.12016808,  0.75140948, -0.31963578,  0.76311139],\n","       [ 0.30379585,  0.76328448, -0.53500268,  0.23677776,  1.21044888],\n","       [ 0.47743754,  0.01130749,  0.32877548, -0.49886646, -0.99678728],\n","       [ 0.44595183, -0.91676099, -0.90773311,  0.33309454, -1.39865558],\n","       [ 1.28692631, -1.0864876 ,  0.79961324,  0.02592592,  0.25777548],\n","       [ 0.56637343,  1.32655512, -1.32763036, -1.59981551, -0.68131943],\n","       [-1.88412654, -0.25720872,  1.08837863, -1.28952548, -0.06059926],\n","       [ 0.19759932,  1.0272072 ,  0.32123108, -0.30288455,  1.28273459],\n","       [-1.4736703 , -0.03932971,  0.01110623, -0.33773513,  1.41300765],\n","       [ 1.49893631,  0.61989042,  0.36537223, -0.88861296, -0.60571448],\n","       [-0.16055307, -0.51107187, -2.97848039, -1.44803627, -0.21584562],\n","       [ 2.16466541, -0.94943867,  1.63300013,  1.39864766, -0.83409328],\n","       [ 2.938188  ,  0.72045816, -0.38200284,  1.31863283, -1.16505587],\n","       [ 0.96679524, -0.58502412, -0.92440168, -0.97510473, -0.00342685],\n","       [-0.45066696, -0.10798904,  2.38990634, -0.50127307, -0.5989096 ],\n","       [-0.37886529,  0.34674034, -0.54272148,  0.63975517,  0.0828339 ],\n","       [ 0.24839117, -1.46819947, -1.54293246, -0.64635533, -0.12613958],\n","       [ 0.84404107,  1.78865395, -0.39380178,  0.71505295,  0.5263099 ],\n","       [-0.0731415 ,  0.22842721, -0.25230658,  1.06218695, -0.3230607 ],\n","       [ 0.95019617, -0.81715054,  1.35381982, -1.3162555 ,  3.09405816],\n","       [-0.29897042, -0.57059252, -0.13621203,  1.25623965,  0.54288798],\n","       [-0.09635183,  1.06091747, -0.3237258 ,  0.54389382,  0.82729076],\n","       [-0.37279066, -0.81478929,  1.03055908,  1.35737319, -0.53040113],\n","       [ 1.37072895, -0.30516356, -0.75612144, -0.40642986, -0.19182216],\n","       [ 0.23239017,  0.32528722,  0.06040305, -1.0351571 ,  1.06434289],\n","       [ 0.56748093,  0.04415135,  0.01598673, -0.10513439, -0.56645891],\n","       [ 0.58618454,  0.62243019, -0.23995488, -0.10734285,  0.18956635],\n","       [ 0.23289814, -0.57146098,  0.51176519, -0.5154485 ,  0.59182172],\n","       [-0.35850531, -0.17250613,  1.02449464,  1.66290343,  0.32230987],\n","       [ 0.54564335,  1.14259962,  0.36144412, -0.53802863, -0.08425252],\n","       [-0.07092214,  0.09018478, -1.4666933 , -0.50028866,  1.72024361],\n","       [-1.16879506,  0.93828011,  0.38212723,  2.07694252,  1.12668611],\n","       [ 1.97516471, -1.12390368, -1.35635252, -0.4283216 ,  0.67236347],\n","       [-0.14698029, -0.61169744,  0.75489213, -0.55968334, -0.36725431],\n","       [-0.85904538, -0.42359401,  0.3898828 , -0.01298433, -0.58858245],\n","       [ 1.0154004 ,  0.66343439,  0.78534819,  1.11873862, -0.31953084],\n","       [ 0.61778388, -1.49632929,  1.1997277 , -1.31730155, -1.70697572],\n","       [-0.47691218,  0.42518276,  1.27358405,  0.72700318, -0.53929838],\n","       [-0.98026873,  0.17731899, -2.28492346,  1.50140311, -2.08199911],\n","       [ 0.83301417,  0.04680508, -0.74115871, -0.52524382, -1.00138063],\n","       [-1.15203445,  0.23707667,  0.48333164, -0.6513088 , -0.3483751 ],\n","       [ 1.45481047,  1.08625307, -2.0503676 ,  1.38725745,  0.58048491],\n","       [-0.96704386, -0.68843431, -1.3910979 ,  0.34920595,  0.63708051],\n","       [ 1.08730221,  1.03366237,  0.32634629,  0.01074079, -0.06682951],\n","       [ 0.7328115 ,  2.33556039, -0.27381426,  2.87196057,  1.44071176],\n","       [ 0.42395944, -0.09700895, -0.08272753,  1.12835648, -0.12812804],\n","       [ 0.84928201,  0.07035344,  0.57680113, -1.65548755, -1.01201516],\n","       [ 0.79689146,  0.9574644 ,  1.54887228,  1.06833849, -0.2144221 ],\n","       [ 0.50234795,  0.30865246, -0.12874898,  1.61408513,  0.5793082 ],\n","       [-0.81692129,  0.36081057, -0.0140446 , -0.35690465, -1.81472953],\n","       [ 0.65064314,  0.7762392 ,  0.70362651,  0.41164278,  1.8994446 ],\n","       [-0.13738697, -0.33627621, -1.85595941,  1.06200955, -0.43676493],\n","       [ 0.07971898,  0.0500899 ,  0.65949769, -0.72130176, -1.05733926],\n","       [-0.89890379, -1.00631516,  1.6808283 , -1.38527815, -0.76042177],\n","       [-0.99136863,  0.38211014, -0.44099233, -0.44814025, -0.77665716],\n","       [-1.68299429,  0.47451999,  0.13705797,  0.14962301, -0.88694035],\n","       [ 1.13050252, -0.55852416, -0.76644928, -1.07995601,  0.66408509],\n","       [-1.29532166, -1.06096228,  1.17514207,  0.87784198,  0.38939378],\n","       [-0.76070207,  1.45199463,  0.03199185,  1.37387707,  0.38404265],\n","       [-0.19206395,  0.44362211, -1.33942712,  1.61668854, -0.16015286],\n","       [-1.5282398 ,  0.37177357,  0.00995161,  0.22233293, -0.89838732],\n","       [ 0.9830434 ,  0.8449112 , -1.15109814,  0.44662592, -0.73898723],\n","       [-0.31995022,  1.58381481, -0.43264578,  0.20821667, -0.2719599 ],\n","       [-0.1448573 , -0.00954434,  0.09780814, -0.41955186, -1.22930279],\n","       [-1.82608696, -1.23503431,  1.11053213, -0.75301216, -0.49707982],\n","       [ 1.0628398 , -1.00014466, -0.21356406, -0.00857407,  0.53038015],\n","       [ 1.61300632, -1.14355953, -0.44235136,  0.32090389, -0.71761442],\n","       [ 0.9747392 , -0.66055589, -0.56930811,  0.50616757,  1.19204607],\n","       [-0.31533177,  0.93136412,  0.98618618,  0.84611174, -0.30057613],\n","       [-0.39787354, -0.41806522,  2.35003788, -0.98239892, -1.24349131],\n","       [-0.05769373,  1.30684643,  0.2036547 ,  1.03255009, -0.22752097],\n","       [ 0.24851259,  1.37780734, -0.59684735, -0.05820299,  0.89574569],\n","       [ 0.20700519,  1.44517481, -0.68953237,  0.32646477,  1.03349178],\n","       [ 0.66722759,  0.17225234, -0.95836641, -0.16907956, -0.55043817]])"]},"metadata":{},"execution_count":8}]},{"cell_type":"code","source":["expA = np.exp(A)\n","expA"],"metadata":{"colab":{"base_uri":"https://localhost:8080/"},"id":"MsMc2DTbkv49","executionInfo":{"status":"ok","timestamp":1746719241471,"user_tz":-120,"elapsed":25,"user":{"displayName":"Veronica Lockett","userId":"12863156304290554546"}},"outputId":"bd8b83c1-4c11-448e-cb67-1d67c4a7d88e"},"execution_count":9,"outputs":[{"output_type":"execute_result","data":{"text/plain":["array([[ 0.71033251,  0.63105744,  0.29763636,  0.971505  ,  0.59630086],\n","       [ 0.27668269,  2.34356655,  0.74607552,  1.26466168,  0.44682456],\n","       [ 3.28990575,  0.28836509,  2.01612591,  4.36510722,  2.17953143],\n","       [ 2.40610216,  0.89779316,  0.28807379,  2.02688982,  1.40060656],\n","       [ 0.88490301,  3.00773917,  0.24098854,  1.14020684,  3.75025524],\n","       [ 2.36137226,  7.78768799,  1.50135924,  0.41435585,  0.80763196],\n","       [ 1.15392329,  0.16799064,  1.34084369,  0.33472963,  2.6647325 ],\n","       [ 5.21113424,  0.17176382,  0.37228695,  1.47692021,  0.7605692 ],\n","       [ 5.22427038,  1.89736376,  0.33533109,  0.68361801,  0.16136615],\n","       [ 0.44392452,  0.63351913,  1.52280858,  9.25037812,  0.81170639],\n","       [ 0.42371541,  1.12953037,  1.16334872,  6.08909822,  2.35803838],\n","       [ 1.42892945,  0.79890242,  0.33712928,  0.27402364,  0.15990078],\n","       [ 0.56421604,  1.1035613 ,  0.73268681,  0.67126816,  0.41974768],\n","       [ 0.74846819,  1.26373267,  0.44304891,  0.64734266,  0.43203458],\n","       [ 0.25228957,  2.07007049,  1.51142226,  1.79176753,  1.74834343],\n","       [ 0.64872829,  1.18252904,  0.70558041,  0.20893697,  0.46418302],\n","       [ 1.65871446,  1.8026012 ,  0.43012947,  1.54689244,  0.67697124],\n","       [ 0.44838242,  0.38957509,  1.67056161,  0.58325165,  1.8099285 ],\n","       [ 1.34501363,  0.41510004,  1.87613423,  0.35821985,  2.05916775],\n","       [ 0.07779647,  0.43086124,  5.50485039,  2.53773495,  0.44382261],\n","       [ 0.60632869,  0.67955517,  0.65779408,  1.79905666,  0.27688517],\n","       [ 0.43806001,  3.41614336,  0.4715859 ,  0.96008137,  0.26654103],\n","       [ 3.88273015,  2.67266532,  0.10557228,  2.13554869,  1.74783575],\n","       [ 2.14522079,  0.85017389,  0.34144424,  2.01172109,  4.72933325],\n","       [ 0.58521288,  5.30642717,  5.80529678,  0.58071786,  1.7442491 ],\n","       [ 0.16739355,  1.32180795,  6.930782  ,  0.41053898,  0.21876696],\n","       [ 4.59737649,  1.12768638,  2.119986  ,  0.72641356,  2.14493958],\n","       [ 1.3549924 ,  2.14531089,  0.58566772,  1.26715948,  3.35499031],\n","       [ 1.61193858,  1.01137166,  1.38926591,  0.60721858,  0.36906324],\n","       [ 1.56197622,  0.39981194,  0.40343774,  1.3952792 ,  0.24692872],\n","       [ 3.62163762,  0.3373995 ,  2.22468035,  1.02626492,  1.29404824],\n","       [ 1.76186591,  3.76804055,  0.26510472,  0.20193377,  0.50594899],\n","       [ 0.15196173,  0.77320681,  2.96945558,  0.27540144,  0.94120034],\n","       [ 1.21847407,  2.79325394,  1.37882417,  0.73868437,  3.60648851],\n","       [ 0.22908314,  0.96143366,  1.01116813,  0.71338421,  4.10829313],\n","       [ 4.47692446,  1.85872435,  1.44105031,  0.41122574,  0.54568441],\n","       [ 0.85167263,  0.59985227,  0.05087008,  0.23503137,  0.8058597 ],\n","       [ 8.71168656,  0.38695817,  5.11920997,  4.04971965,  0.43426806],\n","       [18.8816019 ,  2.05537469,  0.68249312,  3.73830697,  0.31190524],\n","       [ 2.629504  ,  0.55709243,  0.39676874,  0.37715285,  0.99657902],\n","       [ 0.63720302,  0.89763744, 10.91247185,  0.605759  ,  0.54941039],\n","       [ 0.68463784,  1.41444941,  0.58116447,  1.89601662,  1.08636135],\n","       [ 1.2819613 ,  0.23033985,  0.21375336,  0.52395193,  0.8814918 ],\n","       [ 2.32574651,  5.98139579,  0.67448774,  2.04429493,  1.69267463],\n","       [ 0.92946931,  1.25662205,  0.77700649,  2.89269025,  0.72392991],\n","       [ 2.58621694,  0.44168844,  3.87218839,  0.26813747, 22.06644563],\n","       [ 0.74158135,  0.56519045,  0.87265759,  3.51218955,  1.72096982],\n","       [ 0.90814445,  2.88902036,  0.72344859,  1.7227017 ,  2.28711401],\n","       [ 0.68880941,  0.4427326 ,  2.80263229,  3.88597217,  0.58836891],\n","       [ 3.93822042,  0.73700282,  0.46948382,  0.66602381,  0.82545365],\n","       [ 1.26161187,  1.38442823,  1.06226461,  0.35517058,  2.89893344],\n","       [ 1.76381827,  1.04514052,  1.01611521,  0.90020354,  0.56753156],\n","       [ 1.79711848,  1.86345108,  0.78666336,  0.89821766,  1.20872533],\n","       [ 1.26225289,  0.56469982,  1.66823335,  0.59723267,  1.80727778],\n","       [ 0.69871991,  0.84155313,  2.78568734,  5.27460308,  1.38031242],\n","       [ 1.72571827,  3.13490736,  1.4354008 ,  0.5838982 ,  0.91919911],\n","       [ 0.93153442,  1.09437648,  0.23068704,  0.6063556 ,  5.58588909],\n","       [ 0.31074114,  2.55558231,  1.46539852,  7.98003279,  3.08541482],\n","       [ 7.20780675,  0.32500859,  0.25759865,  0.65160182,  1.95886156],\n","       [ 0.86331099,  0.54242935,  2.12738202,  0.57138997,  0.69263348],\n","       [ 0.42356623,  0.65468962,  1.4768077 ,  0.9870996 ,  0.55511363],\n","       [ 2.76046847,  1.94144858,  2.19317046,  3.06099071,  0.7264898 ],\n","       [ 1.854813  ,  0.22395071,  3.31921297,  0.26785713,  0.18141361],\n","       [ 0.62069704,  1.52987   ,  3.57363772,  2.06887127,  0.58315727],\n","       [ 0.37521026,  1.19401191,  0.10178185,  4.48798176,  0.12468071],\n","       [ 2.30024163,  1.04791773,  0.4765614 ,  0.59141115,  0.36737189],\n","       [ 0.31599324,  1.2675383 ,  1.62146756,  0.52136297,  0.70583407],\n","       [ 4.28367149,  2.96315053,  0.12868759,  4.00385423,  1.78690472],\n","       [ 0.38020532,  0.502362  ,  0.248802  ,  1.41794118,  1.89095219],\n","       [ 2.96626091,  2.81134318,  1.38589521,  1.01079868,  0.93535466],\n","       [ 2.0809229 , 10.33525011,  0.76047331, 17.67163065,  4.22370103],\n","       [ 1.52799962,  0.90754788,  0.92060195,  3.09057291,  0.87974073],\n","       [ 2.33796762,  1.07288732,  1.78033425,  0.19099891,  0.36348576],\n","       [ 2.21863348,  2.60508264,  4.70615994,  2.91053959,  0.80700767],\n","       [ 1.65259693,  1.36158909,  0.87919464,  5.02329018,  1.78480328],\n","       [ 0.44178971,  1.4344917 ,  0.98605357,  0.69983923,  0.16288196],\n","       [ 1.91677319,  2.17328359,  2.02106886,  1.50929519,  6.68218213],\n","       [ 0.87163286,  0.71442575,  0.15630291,  2.89217713,  0.6461233 ],\n","       [ 1.08298268,  1.05136561,  1.93382071,  0.48611903,  0.34737887],\n","       [ 0.40701559,  0.36556355,  5.37000208,  0.25025418,  0.46746922],\n","       [ 0.37106849,  1.46537347,  0.64339764,  0.63881508,  0.45994095],\n","       [ 0.18581675,  1.60724252,  1.14689463,  1.16139632,  0.41191414],\n","       [ 3.09721251,  0.5720527 ,  0.46466002,  0.33961046,  1.94271231],\n","       [ 0.27380978,  0.34612258,  3.23860303,  2.40570255,  1.47608568],\n","       [ 0.46733821,  4.27162633,  1.0325091 ,  3.95063796,  1.46820806],\n","       [ 0.82525409,  1.55834149,  0.26199572,  5.03638486,  0.85201354],\n","       [ 0.21691715,  1.45030456,  1.01000129,  1.24898714,  0.40722585],\n","       [ 2.67257759,  2.32777109,  0.31628925,  1.56302949,  0.47759736],\n","       [ 0.72618519,  4.87351191,  0.64879027,  1.23147996,  0.76188481],\n","       [ 0.86514574,  0.99050106,  1.10275119,  0.65734133,  0.29249644],\n","       [ 0.1610425 ,  0.29082478,  3.0359735 ,  0.47094585,  0.60830443],\n","       [ 2.89457934,  0.36782623,  0.80770042,  0.99146258,  1.69957829],\n","       [ 5.01787393,  0.31868264,  0.64252384,  1.3783731 ,  0.48791483],\n","       [ 2.65047588,  0.5165641 ,  0.56591685,  1.6589213 ,  3.2938137 ],\n","       [ 0.72954679,  2.53796891,  2.68099013,  2.33056736,  0.74039154],\n","       [ 0.67174697,  0.65831929, 10.48596696,  0.37441184,  0.28837565],\n","       [ 0.943939  ,  3.69450443,  1.22587478,  2.80821793,  0.79650572],\n","       [ 1.28211697,  3.96619555,  0.55054458,  0.94345842,  2.44916143],\n","       [ 1.22998896,  4.24259373,  0.50181068,  1.38605942,  2.81086363],\n","       [ 1.94882687,  1.18797757,  0.38351889,  0.84444172,  0.57669706]])"]},"metadata":{},"execution_count":9}]},{"cell_type":"code","source":["answer = expA / expA.sum(axis=1, keepdims=True)\n","answer"],"metadata":{"colab":{"base_uri":"https://localhost:8080/"},"id":"0-Yq9aN2lHQ9","executionInfo":{"status":"ok","timestamp":1746719557829,"user_tz":-120,"elapsed":29,"user":{"displayName":"Veronica Lockett","userId":"12863156304290554546"}},"outputId":"4af64580-5af4-42af-8487-1a1f8c43c2b9"},"execution_count":22,"outputs":[{"output_type":"execute_result","data":{"text/plain":["array([[0.22150598, 0.1967853 , 0.0928132 , 0.3029485 , 0.18594701],\n","       [0.05448858, 0.46153087, 0.14692857, 0.24905647, 0.08799551],\n","       [0.27101871, 0.02375519, 0.16608617, 0.35959259, 0.17954733],\n","       [0.34277569, 0.1279005 , 0.04103928, 0.28875273, 0.1995318 ],\n","       [0.09806005, 0.333301  , 0.02670502, 0.12635141, 0.41558252],\n","       [0.1834445 , 0.6049908 , 0.11663391, 0.03218946, 0.06274133],\n","       [0.20379345, 0.02966869, 0.23680531, 0.05911633, 0.47061623],\n","       [0.6519888 , 0.02149016, 0.04657852, 0.18478423, 0.09515829],\n","       [0.62928237, 0.22854437, 0.04039185, 0.08234428, 0.01943714],\n","       [0.03505866, 0.05003177, 0.12026284, 0.73054274, 0.064104  ],\n","       [0.03795464, 0.10117857, 0.10420788, 0.54543577, 0.21122314],\n","       [0.47648682, 0.26639977, 0.11241819, 0.09137516, 0.05332007],\n","       [0.16159796, 0.31607264, 0.20984992, 0.19225892, 0.12022056],\n","       [0.21175309, 0.35752929, 0.12534531, 0.18314313, 0.12222919],\n","       [0.03421389, 0.28072965, 0.20496937, 0.24298799, 0.2370991 ],\n","       [0.2020987 , 0.36839396, 0.21980988, 0.06509025, 0.14460721],\n","       [0.27123969, 0.29476863, 0.07033651, 0.2529541 , 0.11070107],\n","       [0.09147489, 0.07947756, 0.34081275, 0.11898968, 0.36924511],\n","       [0.22218279, 0.06857037, 0.3099186 , 0.05917433, 0.3401539 ],\n","       [0.00864879, 0.04789973, 0.61198557, 0.28212523, 0.04934067],\n","       [0.1508423 , 0.16905956, 0.16364585, 0.44756887, 0.06888342],\n","       [0.07889545, 0.61525398, 0.08493353, 0.1729125 , 0.04800455],\n","       [0.36822842, 0.2534689 , 0.01001221, 0.2025301 , 0.16576037],\n","       [0.21286401, 0.08436028, 0.03388052, 0.19961723, 0.46927797],\n","       [0.04173562, 0.37843842, 0.4140163 , 0.04141505, 0.1243946 ],\n","       [0.01849798, 0.1460676 , 0.7658924 , 0.04536698, 0.02417504],\n","       [0.42900374, 0.10522994, 0.19782628, 0.06778521, 0.20015483],\n","       [0.15560101, 0.2463575 , 0.06725535, 0.14551469, 0.38527145],\n","       [0.32310773, 0.20272609, 0.27847373, 0.12171495, 0.0739775 ],\n","       [0.38976969, 0.09976757, 0.10067234, 0.34817274, 0.06161767],\n","       [0.42587307, 0.03967524, 0.26160305, 0.12067982, 0.15216881],\n","       [0.27093567, 0.57944057, 0.04076719, 0.03105291, 0.07780367],\n","       [0.02973098, 0.1512762 , 0.58096739, 0.05388168, 0.18414376],\n","       [0.12515494, 0.28690764, 0.14162522, 0.07587359, 0.37043861],\n","       [0.0326173 , 0.1368908 , 0.14397209, 0.10157303, 0.58494678],\n","       [0.51260874, 0.21282431, 0.16500055, 0.04708543, 0.06248097],\n","       [0.33487095, 0.23585718, 0.02000171, 0.09241248, 0.31685767],\n","       [0.4658197 , 0.02069091, 0.27372757, 0.21654121, 0.0232206 ],\n","       [0.73556042, 0.08007013, 0.02658752, 0.14563122, 0.01215072],\n","       [0.5304524 , 0.1123828 , 0.08004054, 0.07608341, 0.20104085],\n","       [0.04684462, 0.06599071, 0.80224124, 0.04453298, 0.04039045],\n","       [0.12090458, 0.24978667, 0.10263155, 0.3348297 , 0.1918475 ],\n","       [0.40937634, 0.0735558 , 0.06825913, 0.16731669, 0.28149203],\n","       [0.18286184, 0.47028729, 0.0530316 , 0.16073271, 0.13308656],\n","       [0.14126279, 0.19098418, 0.11809115, 0.43963742, 0.11002446],\n","       [0.08846402, 0.01510837, 0.1324519 , 0.0091719 , 0.75480382],\n","       [0.1000435 , 0.07624738, 0.11772643, 0.47381416, 0.23216853],\n","       [0.10645941, 0.33867234, 0.08480799, 0.20194784, 0.26811242],\n","       [0.08191808, 0.05265289, 0.33330881, 0.46214724, 0.06997298],\n","       [0.59344649, 0.11105822, 0.07074605, 0.10036246, 0.12438678],\n","       [0.18120336, 0.19884329, 0.15257142, 0.0510126 , 0.41636933],\n","       [0.33324804, 0.19746424, 0.19198032, 0.17008048, 0.10722691],\n","       [0.27419442, 0.28431508, 0.12002476, 0.1370451 , 0.18442064],\n","       [0.21395217, 0.09571676, 0.28276596, 0.10123108, 0.30633402],\n","       [0.06363062, 0.07663807, 0.25368535, 0.48034448, 0.12570149],\n","       [0.22127079, 0.40195636, 0.18404642, 0.07486715, 0.11785928],\n","       [0.11025586, 0.12952975, 0.02730398, 0.07176789, 0.66114252],\n","       [0.02018171, 0.16597741, 0.09517324, 0.5182792 , 0.20038844],\n","       [0.69299988, 0.03124819, 0.02476701, 0.06264874, 0.18833618],\n","       [0.17996347, 0.11307335, 0.44346828, 0.1191104 , 0.1443845 ],\n","       [0.1033775 , 0.15978653, 0.3604364 , 0.24091602, 0.13548356],\n","       [0.2584087 , 0.18173988, 0.20530367, 0.28654072, 0.06800704],\n","       [0.31721131, 0.03830019, 0.56765393, 0.0458091 , 0.03102547],\n","       [0.07410217, 0.18264415, 0.42664018, 0.24699303, 0.06962047],\n","       [0.05971199, 0.19001834, 0.01619784, 0.71422978, 0.01984203],\n","       [0.48086962, 0.21906907, 0.09962601, 0.12363556, 0.07679975],\n","       [0.07129496, 0.28598425, 0.3658384 , 0.11763084, 0.15925154],\n","       [0.32535198, 0.22505621, 0.00977404, 0.30409939, 0.13571839],\n","       [0.08562676, 0.1131379 , 0.05603317, 0.31933723, 0.42586494],\n","       [0.32561735, 0.30861146, 0.1521348 , 0.11095908, 0.10267731],\n","       [0.05933292, 0.29468683, 0.02168322, 0.50386752, 0.12042951],\n","       [0.20855897, 0.12387258, 0.12565435, 0.42183696, 0.12007714],\n","       [0.40690921, 0.18672959, 0.30985648, 0.03324221, 0.06326251],\n","       [0.1674766 , 0.19664825, 0.35525097, 0.21970609, 0.06091809],\n","       [0.15442704, 0.12723379, 0.0821564 , 0.4694017 , 0.16678107],\n","       [0.11859948, 0.38509264, 0.26470838, 0.18787347, 0.04372604],\n","       [0.13401569, 0.15195021, 0.14130777, 0.10552591, 0.46720042],\n","       [0.16506129, 0.13529094, 0.02959911, 0.54769216, 0.1223565 ],\n","       [0.22094171, 0.21449144, 0.39452308, 0.09917423, 0.07086954],\n","       [0.05932908, 0.05328678, 0.78276438, 0.03647858, 0.06814118],\n","       [0.10369109, 0.40948283, 0.17979054, 0.17850999, 0.12852555],\n","       [0.04117125, 0.35611531, 0.25411643, 0.25732956, 0.09126745],\n","       [0.48271397, 0.08915689, 0.07241927, 0.05292976, 0.30278011],\n","       [0.03537446, 0.04471681, 0.41840667, 0.31080129, 0.19070077],\n","       [0.04176272, 0.38172514, 0.09226806, 0.35304067, 0.13120341],\n","       [0.09670203, 0.1826041 , 0.03070026, 0.59015596, 0.09983766],\n","       [0.05005662, 0.33467774, 0.2330717 , 0.28822097, 0.09397297],\n","       [0.36325695, 0.31639083, 0.04299006, 0.21244709, 0.06491507],\n","       [0.08810947, 0.59131271, 0.07871899, 0.14941787, 0.09244097],\n","       [0.22136478, 0.25343943, 0.28216087, 0.16819388, 0.07484104],\n","       [0.0352615 , 0.06367834, 0.66474994, 0.10311725, 0.13319297],\n","       [0.42811958, 0.05440293, 0.11946204, 0.14664118, 0.25137426],\n","       [0.63959698, 0.04062048, 0.08189849, 0.17569259, 0.06219145],\n","       [0.30515426, 0.05947299, 0.06515507, 0.19099472, 0.37922295],\n","       [0.08088582, 0.28138797, 0.29724493, 0.25839309, 0.08208819],\n","       [0.05383097, 0.05275493, 0.84030112, 0.03000378, 0.02310921],\n","       [0.09968685, 0.39016666, 0.12946133, 0.29656833, 0.08411682],\n","       [0.13948977, 0.43150797, 0.05989729, 0.10264492, 0.26646005],\n","       [0.12092721, 0.41711353, 0.04933586, 0.13627139, 0.276352  ],\n","       [0.39438264, 0.24041013, 0.07761243, 0.17088904, 0.11670575]])"]},"metadata":{},"execution_count":22}]},{"cell_type":"code","source":["answer.sum(axis=1)"],"metadata":{"colab":{"base_uri":"https://localhost:8080/"},"id":"exAi4pD2lNw9","executionInfo":{"status":"ok","timestamp":1746719564422,"user_tz":-120,"elapsed":10,"user":{"displayName":"Veronica Lockett","userId":"12863156304290554546"}},"outputId":"34501fa9-68f6-4065-c50a-63c9d5ce133a"},"execution_count":23,"outputs":[{"output_type":"execute_result","data":{"text/plain":["array([1., 1., 1., 1., 1., 1., 1., 1., 1., 1., 1., 1., 1., 1., 1., 1., 1.,\n","       1., 1., 1., 1., 1., 1., 1., 1., 1., 1., 1., 1., 1., 1., 1., 1., 1.,\n","       1., 1., 1., 1., 1., 1., 1., 1., 1., 1., 1., 1., 1., 1., 1., 1., 1.,\n","       1., 1., 1., 1., 1., 1., 1., 1., 1., 1., 1., 1., 1., 1., 1., 1., 1.,\n","       1., 1., 1., 1., 1., 1., 1., 1., 1., 1., 1., 1., 1., 1., 1., 1., 1.,\n","       1., 1., 1., 1., 1., 1., 1., 1., 1., 1., 1., 1., 1., 1., 1.])"]},"metadata":{},"execution_count":23}]},{"cell_type":"code","source":["prediction_labels = np.argmax(answer, axis=1)\n","prediction_labels"],"metadata":{"colab":{"base_uri":"https://localhost:8080/"},"id":"q-WbzJzmmWHW","executionInfo":{"status":"ok","timestamp":1746719682932,"user_tz":-120,"elapsed":19,"user":{"displayName":"Veronica Lockett","userId":"12863156304290554546"}},"outputId":"8d3dbee6-f20d-45df-e227-e24b0c50c9ed"},"execution_count":26,"outputs":[{"output_type":"execute_result","data":{"text/plain":["array([3, 1, 3, 0, 4, 1, 4, 0, 0, 3, 3, 0, 1, 1, 1, 1, 1, 4, 4, 2, 3, 1,\n","       0, 4, 2, 2, 0, 4, 0, 0, 0, 1, 2, 4, 4, 0, 0, 0, 0, 0, 2, 3, 0, 1,\n","       3, 4, 3, 1, 3, 0, 4, 0, 1, 4, 3, 1, 4, 3, 0, 2, 2, 3, 2, 2, 3, 0,\n","       2, 0, 4, 0, 3, 3, 0, 2, 3, 1, 4, 3, 2, 2, 1, 1, 0, 2, 1, 3, 1, 0,\n","       1, 2, 2, 0, 0, 4, 2, 2, 1, 1, 1, 0])"]},"metadata":{},"execution_count":26}]},{"cell_type":"code","source":[],"metadata":{"id":"1MY_iLeYmcjE"},"execution_count":null,"outputs":[]}]}